7
22.0923	20.00 14.8380727553333 5.17497230538149 5.372
2.73339820661497000000E+00
1.48237693676077000000E-01
0.00000000000000000000E+00
1.62448819724519000000E+00
2.12096358459735000000E+00
1.49368947551862000000E+00
1.71391435930166000000E+00
3.26920127827343000000E+00
1.95213282455878000000E+00
8.27828718603314000000E-01
2.80649461577111000000E+00
1.36233614426746000000E+00
9.13914359301657000000E-01
1.42782871860331000000E+00
7.58627440329889000000E-01
2.37347512029078000000E+00
7.44768541980690000000E+00
5.48237693676077000000E-01
0.00000000000000000000E+00
0.00000000000000000000E+00
0.00000000000000000000E+00
0.00000000000000000000E+00
0.00000000000000000000E+00
0.00000000000000000000E+00
0.00000000000000000000E+00
0.00000000000000000000E+00
0.00000000000000000000E+00
0.00000000000000000000E+00
0.00000000000000000000E+00
0.00000000000000000000E+00
1.48237693676077000000E-01
0.00000000000000000000E+00
5.17623063239228000000E-02
6.45267690552817000000E-01
4.48421784965803000000E-01
5.17623063239228000000E-02
0.00000000000000000000E+00
0.00000000000000000000E+00
0.00000000000000000000E+00
0.00000000000000000000E+00
0.00000000000000000000E+00
6.21520529777343000000E-02
5.17623063239228000000E-02
2.62152052977734000000E-01
0.00000000000000000000E+00
6.21520529777343000000E-02
1.37847947022266000000E-01
0.00000000000000000000E+00
0.00000000000000000000E+00
0.00000000000000000000E+00
0.00000000000000000000E+00
6.21520529777343000000E-02
18.8172	20	37.5763002076844	5.72091096214177 5.32774759262802
2.84052235189082000000E+00
1.12774759262802000000E-01
0.00000000000000000000E+00
1.81057668516039000000E+00
2.23612620368599000000E+00
1.75947764810918000000E+00
1.68722524073720000000E+00
3.34890096294879000000E+00
1.77445048147440000000E+00
7.74450481474396000000E-01
2.85109903705121000000E+00
1.61057668516039000000E+00
8.87225240737198000000E-01
1.37445048147440000000E+00
6.25549518525604000000E-01
2.94272042599324000000E+00
6.48104470378165000000E+00
5.12774759262802000000E-01
0.00000000000000000000E+00
0.00000000000000000000E+00
0.00000000000000000000E+00
0.00000000000000000000E+00
0.00000000000000000000E+00
0.00000000000000000000E+00
0.00000000000000000000E+00
0.00000000000000000000E+00
0.00000000000000000000E+00
0.00000000000000000000E+00
0.00000000000000000000E+00
0.00000000000000000000E+00
1.12774759262802000000E-01
0.00000000000000000000E+00
8.72252407371979000000E-02
6.36126203685989000000E-01
7.23351444423187000000E-01
8.72252407371979000000E-02
0.00000000000000000000E+00
0.00000000000000000000E+00
0.00000000000000000000E+00
0.00000000000000000000E+00
0.00000000000000000000E+00
0.00000000000000000000E+00
8.72252407371979000000E-02
2.00000000000000000000E-01
0.00000000000000000000E+00
0.00000000000000000000E+00
2.00000000000000000000E-01
0.00000000000000000000E+00
0.00000000000000000000E+00
0.00000000000000000000E+00
0.00000000000000000000E+00
0.00000000000000000000E+00
4.6494	20	10.3602637306089	30.0724588913028 5.98839850303265
3.46156923473997000000E+00
1.99995698369682000000E-01
0.00000000000000000000E+00
1.24226781950359000000E+00
1.84225491461264000000E+00
8.84570052049727000000E-01
1.64225921624296000000E+00
3.04222910483073000000E+00
1.76914010409945000000E+00
6.84574353680045000000E-01
3.07305028605842000000E+00
9.99978491848411000000E-01
8.42276422764228000000E-01
1.28456144878909000000E+00
8.42276422764228000000E-01
3.75402847679270000000E+00
8.52670021938315000000E+00
5.99987095109046000000E-01
0.00000000000000000000E+00
0.00000000000000000000E+00
0.00000000000000000000E+00
0.00000000000000000000E+00
0.00000000000000000000E+00
0.00000000000000000000E+00
0.00000000000000000000E+00
0.00000000000000000000E+00
0.00000000000000000000E+00
0.00000000000000000000E+00
0.00000000000000000000E+00
0.00000000000000000000E+00
1.99995698369682000000E-01
0.00000000000000000000E+00
0.00000000000000000000E+00
3.26876586226180000000E-01
1.57702069084183000000E-01
0.00000000000000000000E+00
0.00000000000000000000E+00
0.00000000000000000000E+00
0.00000000000000000000E+00
0.00000000000000000000E+00
0.00000000000000000000E+00
4.22936292854992000000E-02
0.00000000000000000000E+00
2.42289327655181000000E-01
0.00000000000000000000E+00
4.22936292854992000000E-02
1.57702069084183000000E-01
0.00000000000000000000E+00
0.00000000000000000000E+00
0.00000000000000000000E+00
0.00000000000000000000E+00
4.22936292854992000000E-02
14.3208	90.9738330237782	43.3453863539212	11.535805773242 7.76008387799564
5.00006452153511000000E+00
2.00000000000000000000E-01
6.00032260767555000000E-02
1.92003871292107000000E+00
1.55998709569298000000E+00
8.60003226076755000000E-01
1.53999677392324000000E+00
3.18000967823027000000E+00
1.47999354784649000000E+00
1.80006452153511000000E+00
2.65997096530920000000E+00
1.06000322607676000000E+00
9.20006452153511000000E-01
1.44001290430702000000E+00
8.60003226076755000000E-01
3.51994193061840000000E+00
7.31994193061840000000E+00
4.19990321769734000000E-01
0.00000000000000000000E+00
0.00000000000000000000E+00
0.00000000000000000000E+00
0.00000000000000000000E+00
0.00000000000000000000E+00
0.00000000000000000000E+00
0.00000000000000000000E+00
0.00000000000000000000E+00
0.00000000000000000000E+00
0.00000000000000000000E+00
0.00000000000000000000E+00
0.00000000000000000000E+00
1.39996773923245000000E-01
0.00000000000000000000E+00
1.80009678230267000000E-01
1.39996773923245000000E-01
1.39996773923245000000E-01
0.00000000000000000000E+00
0.00000000000000000000E+00
6.00032260767555000000E-02
0.00000000000000000000E+00
0.00000000000000000000E+00
0.00000000000000000000E+00
0.00000000000000000000E+00
0.00000000000000000000E+00
1.39996773923245000000E-01
6.00032260767555000000E-02
0.00000000000000000000E+00
1.39996773923245000000E-01
0.00000000000000000000E+00
0.00000000000000000000E+00
6.00032260767555000000E-02
0.00000000000000000000E+00
0.00000000000000000000E+00
41.3451	27.8879106024897	10	28.5776973893059 10.9033406672133
5.97153402701650000000E+00
9.00740656085002000000E-01
2.42395884223282000000E-01
2.66003424853731000000E+00
2.13429886316637000000E+00
1.18270249085865000000E+00
1.63942967431691000000E+00
3.01539165749750000000E+00
1.65968966819284000000E+00
3.73854744665752000000E+00
2.30823771092342000000E+00
1.35655413800426000000E+00
1.52903962260099000000E+00
2.15243984503121000000E+00
1.22140524732556000000E+00
1.41981660595331000000E+00
5.33190376896658000000E+00
1.94078332687549000000E-01
1.14895924131276000000E-01
0.00000000000000000000E+00
0.00000000000000000000E+00
0.00000000000000000000E+00
0.00000000000000000000E+00
0.00000000000000000000E+00
0.00000000000000000000E+00
0.00000000000000000000E+00
0.00000000000000000000E+00
0.00000000000000000000E+00
0.00000000000000000000E+00
0.00000000000000000000E+00
1.86036071989184000000E-02
0.00000000000000000000E+00
3.82499880276018000000E-01
3.12421601244162000000E-01
1.30335383704478000000E-01
0.00000000000000000000E+00
0.00000000000000000000E+00
1.27499960092006000000E-01
0.00000000000000000000E+00
0.00000000000000000000E+00
0.00000000000000000000E+00
1.09546766122225000000E-02
0.00000000000000000000E+00
3.73488127976471000000E-02
1.27499960092006000000E-01
1.33641129730004000000E-01
7.64893058669589000000E-03
0.00000000000000000000E+00
0.00000000000000000000E+00
1.27499960092006000000E-01
0.00000000000000000000E+00
1.09546766122225000000E-02
19.2924	73.5679034539895	29.2382838732109	6.48664163237886 12.056227767411
4.66818393417097000000E+00
2.08182598547096000000E+00
3.84734307354191000000E-01
1.83412822286496000000E+00
3.77503864850926000000E+00
1.46084523590637000000E+00
1.92176298337169000000E+00
2.29695452372955000000E+00
2.15413041050362000000E+00
3.60352432601439000000E+00
3.31030379424540000000E+00
1.69130410963903000000E+00
2.15413041050362000000E+00
2.61313960456967000000E+00
1.61512066952790000000E+00
1.46084523590637000000E+00
4.75969770975617000000E+00
3.08550867243059000000E-01
3.08550867243059000000E-01
0.00000000000000000000E+00
0.00000000000000000000E+00
0.00000000000000000000E+00
0.00000000000000000000E+00
0.00000000000000000000E+00
0.00000000000000000000E+00
0.00000000000000000000E+00
0.00000000000000000000E+00
0.00000000000000000000E+00
0.00000000000000000000E+00
0.00000000000000000000E+00
0.00000000000000000000E+00
0.00000000000000000000E+00
2.28550320333396000000E-01
6.17101734486119000000E-01
3.08550867243059000000E-01
0.00000000000000000000E+00
0.00000000000000000000E+00
7.61834401111318000000E-02
0.00000000000000000000E+00
0.00000000000000000000E+00
0.00000000000000000000E+00
0.00000000000000000000E+00
0.00000000000000000000E+00
0.00000000000000000000E+00
7.61834401111318000000E-02
3.08550867243059000000E-01
0.00000000000000000000E+00
0.00000000000000000000E+00
0.00000000000000000000E+00
7.61834401111318000000E-02
0.00000000000000000000E+00
0.00000000000000000000E+00
0.7011	99	34.9448636379098	1.02685528374764 12.46
2.74120000000000000000E+00
3.23970000000000000000E+00
4.98400000000000000000E-01
7.47600000000000000000E-01
5.48250000000000000000E+00
1.74440000000000000000E+00
2.24280000000000000000E+00
1.49520000000000000000E+00
2.74120000000000000000E+00
2.99040000000000000000E+00
4.48570000000000000000E+00
1.99360000000000000000E+00
2.74120000000000000000E+00
2.99040000000000000000E+00
1.99360000000000000000E+00
1.74440000000000000000E+00
4.73490000000000000000E+00
4.98400000000000000000E-01
4.98400000000000000000E-01
0.00000000000000000000E+00
0.00000000000000000000E+00
0.00000000000000000000E+00
0.00000000000000000000E+00
0.00000000000000000000E+00
0.00000000000000000000E+00
0.00000000000000000000E+00
0.00000000000000000000E+00
0.00000000000000000000E+00
0.00000000000000000000E+00
0.00000000000000000000E+00
0.00000000000000000000E+00
0.00000000000000000000E+00
0.00000000000000000000E+00
9.96800000000000000000E-01
4.98400000000000000000E-01
0.00000000000000000000E+00
0.00000000000000000000E+00
0.00000000000000000000E+00
0.00000000000000000000E+00
0.00000000000000000000E+00
0.00000000000000000000E+00
0.00000000000000000000E+00
0.00000000000000000000E+00
0.00000000000000000000E+00
0.00000000000000000000E+00
4.98400000000000000000E-01
0.00000000000000000000E+00
0.00000000000000000000E+00
0.00000000000000000000E+00
0.00000000000000000000E+00
0.00000000000000000000E+00
0.00000000000000000000E+00