0.00000000000000000000E+00
6.98627450980371000000E-03
128.07254901960800000000E-03
274.05882352941100000000E-03
436.24509803921500000000E-03
1.12343137254902000000E+00
1.78231764705882000000E+00
2.15030392156863000000E+00
2.48789019607843000000E+00
3.06057647058823000000E+00
3.80836274509804000000E+00
4.66974901960784000000E+00
6.01963529411765000000E+00
7.62462156862745000000E+00
9.24180784313725000000E+00
11.07889411764710000000E+00
12.56758039215690000000E+00
14.16056666666670000000E+00
15.93565294117650000000E+00
17.40343921568630000000E+00
17.41722549019610000000E+00
17.31811176470590000000E+00
16.53159803921570000000E+00
15.83868431372550000000E+00
15.23497058823530000000E+00
14.61705686274510000000E+00
13.42504313725490000000E+00
12.53262941176470000000E+00
11.48281568627450000000E+00
10.47080196078430000000E+00
9.54568823529411000000E+00
8.88257450980392000000E+00
8.30486078431372000000E+00
7.77544705882352000000E+00
7.14373333333333000000E+00
6.43801960784313000000E+00
5.77530588235293000000E+00
5.17719215686274000000E+00
4.44727843137254000000E+00
3.88596470588235000000E+00
3.39795098039215000000E+00
2.85323725490195000000E+00
2.44412352941176000000E+00
2.05550980392156000000E+00
1.70869607843137000000E+00
1.43568235294117000000E+00
1.11776862745097000000E+00
897.55490196077600000000E-03
685.84117647058000000000E-03
416.32745098038400000000E-03
187.71372549018800000000E-03
-8.88178419700125000000E-15