102 of 5000 (best like=-65.3908)
344 of 5000 (best like=-64.3231)
516 of 5000 (best like=-64.3231)
688 of 5000 (best like=-64.3231)
860 of 5000 (best like=-64.3231)
1032 of 5000 (best like=-64.3231)
1204 of 5000 (best like=-64.2206)
1376 of 5000 (best like=-64.1521)
1548 of 5000 (best like=-64.1352)
1720 of 5000 (best like=-63.9996)
1892 of 5000 (best like=-63.9127)
2064 of 5000 (best like=-63.8715)
2236 of 5000 (best like=-63.8715)
2408 of 5000 (best like=-63.8715)
2580 of 5000 (best like=-63.868)
2752 of 5000 (best like=-63.8662)
2924 of 5000 (best like=-63.8662)
3096 of 5000 (best like=-63.8661)
3268 of 5000 (best like=-63.8656)
3440 of 5000 (best like=-63.8656)
3612 of 5000 (best like=-63.8655)
3784 of 5000 (best like=-63.8655)
3956 of 5000 (best like=-63.8655)
4128 of 5000 (best like=-63.8655)
4300 of 5000 (best like=-63.8655)
4472 of 5000 (best like=-63.8655)
4644 of 5000 (best like=-63.8655)
4816 of 5000 (best like=-63.8655)
4988 of 5000 (best like=-63.8655)
5160 of 5000 (best like=-63.8655)
*** OPTIMIZATION SEARCH TERMINATED BECAUSE THE LIMIT
ON THE MAXIMUM NUMBER OF TRIALS 
5000
HAS BEEN EXCEEDED.
SEARCH WAS STOPPED AT TRIAL NUMBER: 5160
NORMALIZED GEOMETRIC RANGE = 0.001964
THE BEST POINT HAS IMPROVED IN LAST 100 LOOPS BY 100000.000000
/home/erick/.local/lib/python3.5/site-packages/spotpy/algorithms/sceua.py:332: VisibleDeprecationWarning: using a non-integer number instead of an integer will result in an error in the future
  BESTX=BESTX.reshape(BESTX.size/self.nopt,self.nopt)
Best parameter set
[  46.44281662  155.72322674    3.83780566   44.10379275  179.93440278
    5.38174863   64.50038136  166.26998998    5.06136356   65.66449238
  169.59847477    6.60828677   57.1659864    98.08575225    5.05239931
   41.90536976  135.20629829    8.13019159   98.98658766   31.22525728
    9.98413476]
Duration:174.0 s
Printando evaluation:
[0.0, 0.0, 0.0, 0.0, 0.0, 0.0, 0.0, 0.0, 0.0, 0.0, 0.0, 0.0, 0.0, 0.0, 0.0, 0.0, 0.0, 0.0, 0.0, 0.0, 0.0, 0.0, 0.0, 0.0, 0.0, 0.0, 0.0, 0.0, 0.0, 0.0, 0.0, 0.0, 0.0, 0.0, 0.0, 0.0, 0.0, 0.0, 0.0, 0.0, 0.0, 0.0, 0.0, 0.0, 0.0, 0.0, 0.0, 0.0, 0.0, 0.0, 0.0, 0.0, 0.0, 0.0, 0.0, 0.0, 0.0, 0.0, 0.0, 0.0, 0.0, 0.0, 0.0, 0.0, 0.0, 0.0, 0.0, 0.0, 0.0, 0.0, 0.0, 0.0, 0.0, 0.0, 0.0, 0.0, 0.0, 0.0, 0.0, 0.0, 0.0, 0.0, 0.0, 0.0, 0.0, 0.0, 0.0, 0.0, 0.0, 0.0, 0.0, 0.0, 0.0, 0.0, 0.0, 0.0, 0.0, 0.0, 0.0, 0.0, 0.0, 0.0, 0.0, 0.0, 0.0, 0.0, 0.0, 0.0, 0.0, 0.0, 0.0, 0.0, 0.0, 0.0, 0.0, 0.0, 0.0, 0.0, 0.0, 0.0, 0.0, 0.0, 0.0, 0.0, 0.0, 0.0, 0.0, 0.0, 0.0, 0.0, 0.0, 0.0, 0.0, 0.0, 0.0, 0.0, 0.0, 0.0, 0.0, 0.0, 0.0, 0.0, 0.0, 0.0, 0.0, 0.0, 0.0, 0.0, 0.0, 0.0, 0.0, 0.0]
Printando results
[array([ (-71.5533203039, 95.29332285519924, 177.47165519737027, 7.046145032105712, 98.43482203243857, 152.85592673533932, 1.4736325479087886, 34.204722724876774, 39.011775073144975, 5.474058429115081, 51.38331353637662, 62.94846768154241, 6.593595673099979, 56.34328572383585, 183.1278345709841, 1.3365968345129675, 39.039537904282554, 28.14471845608315, 3.3200142351184434, 26.093240632669556, 122.65003997972634, 4.199427160666737, 0.0, 4.8808031526333076e-05, 0.016402379975636608, 0.07510463053199198, 0.19028883356692955, 1.2619547930950252, 3.1760879456574282, 4.622252434299792, 6.186050791215999, 9.359521590289798, 14.48855775936701, 21.778849211496695, 36.184431416593576, 58.04336675237384, 85.26052459067857, 122.50440775204247, 157.5996215096857, 200.03886196721757, 253.2844773095766, 302.02006008805637, 302.356483650394, 298.7809036944994, 272.088692832453, 249.61171616921538, 230.8274452321363, 212.3866364712479, 179.0423367696875, 155.95530351986807, 130.85131745597022, 108.74803971998112, 90.34160637453883, 78.21243941409156, 68.36656726954726, 59.93097506023843, 50.58619407821186, 41.07869465571889, 33.05109364040755, 26.554969426536935, 19.58306331396159, 14.944348537423982, 11.42053190528626, 8.044102342886985, 5.89748918000469, 4.166237665708461, 2.8747700948189268, 2.026697575846117, 1.2249187247863147, 0.7876931132419546, 0.4579032792435241, 0.1664244733618588, 0.03240996585777571, 5.0014852596591146e-05, 4.2501345944474054e-05, 3.6173133437676586e-05, 3.0767818308471046e-05, 2.6101477264090705e-05, 2.204745419538618e-05, 1.8518131744648432e-05, 1.5450742402626858e-05, 1.2797165611820823e-05, 1.0517161694807632e-05, 8.57431396226161e-06, 6.933940647562339e-06, 5.562320088201028e-06, 4.4266975287791854e-06, 3.4956779175291255e-06, 2.7397354913148158e-06, 2.131676431344222e-06, 1.6469712045019407e-06, 1.263929074766875e-06, 9.637222017589732e-07, 7.30285443018387e-07, 5.501251878012522e-07, 4.120704046799253e-07, 3.0699482341151957e-07, 2.275331139527242e-07, 1.6780758475994813e-07, 1.231761741172676e-07, 9.000776829381596e-08, 6.548726186714102e-08, 4.745021179398062e-08, 3.424527037107241e-08, 2.4621624360271e-08, 1.763823393224814e-08, 1.2591594600612398e-08, 8.958907519420467e-09, 6.353839121902999e-09, 4.4924087531261755e-09, 3.1669144623514803e-09, 2.2261621918089283e-09, 1.560585166593229e-09, 1.091120530087891e-09, 7.60947443122928e-10, 5.293869627722388e-10, 3.6742306913631817e-10, 2.544311412608439e-10, 1.7580008143966215e-10, 1.21211957634754e-10, 8.340277589631188e-11, 5.727350696564748e-11, 3.925486376922623e-11, 2.685371684616945e-11, 1.833783403593288e-11, 1.2500438466084878e-11, 8.501500406244327e-12, 5.774111357051327e-12, 3.914230743372242e-12, 2.649519860528792e-12, 1.7889604103351869e-12, 1.2050817482019769e-12, 8.082148016693255e-13, 5.425216194814814e-13, 3.6267583649175074e-13, 2.4145651092644466e-13, 1.6074903300672603e-13, 1.0678682415195098e-13, 6.919556236683402e-14, 4.6087481760715605e-14, 3.062895480248846e-14, 2.044791699140264e-14, 1.3635909031395702e-14, 9.083423167556047e-15, 6.0444567130077864e-15, 4.018080870544496e-15, 2.668361944404691e-15, 1.7702966791983735e-15, 1.1733641969771144e-15, 7.76989088106957e-16, 5.140458063383814e-16, 3.3978383197519655e-16, 2.244018584132188e-16, 1.4807495188404452e-16, 9.762845976429578e-17, 4.9293382759222784e-17, 2.695552491477445e-17, 1.7759734609484993e-17, 1.1691703623262696e-17, 7.690939758547359e-18, 5.055320518861115e-18, 3.320418365754982e-18, 2.179308262909596e-18, 1.4293315293627536e-18, 9.367899569086471e-19, 6.135538917842422e-19, 4.0157858133077417e-19, 0.0, 0.0, 0.0, 0.0, 0.0, 0.0, 0.0, 1.0),
       (-71.3012892556, 70.33260348986775, 238.65641447592643, 8.486158211028211, 68.52887805627189, 132.07999080687304, 3.528578488343822, 92.13753707277101, 156.58877518896017, 6.093468376227267, 45.90227270988231, 295.2351619691852, 5.910226824107461, 51.53407666735262, 221.69140699464282, 3.10120007838648, 62.60335116022214, 128.7101902296227, 5.815702649609355, 59.857072991248074, 7.963013682007903, 0.02992343184581414, 0.0, 2.2936247846154555e-05, 0.01264279443957875, 0.0693901638499445, 0.11871903558369575, 0.9981924410349918, 2.8353253944686156, 4.189498063041864, 5.531138936862609, 8.14854833435705, 12.219310097662461, 19.12670585362595, 33.3797634651556, 53.45495222180034, 80.15868721867969, 117.73655220388004, 147.4867712073681, 190.75773292038434, 251.73081373486906, 301.66411142678504, 303.35974377633676, 299.91699509484494, 273.2937337302004, 250.8639207898542, 232.10432882439463, 213.65835132872363, 180.23178323715487, 157.06679997262964, 131.85505608495174, 109.63769370196434, 91.12016388543238, 78.90012992221835, 68.97071264683188, 59.361822932843985, 49.521154817085225, 40.988136729462234, 33.35415803474035, 26.803318629081073, 19.7782854461514, 15.100721695363298, 11.546070865147973, 8.140962832760414, 5.973739827024199, 4.225120554017649, 2.9196422884467426, 1.9588154464284495, 1.1699951824501704, 0.8056048020338182, 0.4703781193425492, 0.17332854643982404, 0.03523644273740566, 7.888609052210116e-29, 3.622328326122848e-74, 1.4358384313710422e-77, 5.922714276960996e-81, 2.5185592028618403e-84, 1.0970134860434562e-87, 4.872042934555996e-91, 2.198773357446582e-94, 1.0057824928509059e-97, 4.653870005692518e-101, 2.1748184401310216e-104, 1.0251221415018918e-107, 4.8687587123367394e-111, 2.327956886460225e-114, 1.1197747156946155e-117, 5.41525480381022e-121, 2.6315530659623447e-124, 1.284442285383457e-127, 6.29443302861567e-131, 3.095923293558947e-134, 1.527866586427935e-137, 7.563585752460705e-141, 3.7550477492281717e-144, 1.8692098966048344e-147, 9.327699377221799e-151, 4.665434435471042e-154, 2.338541590930009e-157, 1.1745572485957804e-160, 5.910516978309697e-164, 2.9795444460711685e-167, 1.504535996676699e-170, 7.609263002062993e-174, 3.8541823399931647e-177, 1.9549557539744607e-180, 9.929438337719724e-184, 5.049704861670531e-187, 2.5711862857498456e-190, 1.3106959943560685e-193, 6.688792447279458e-197, 3.417030441586159e-200, 1.7473700819561948e-203, 8.944102173537476e-207, 4.582331854298214e-210, 2.349727522240534e-213, 1.2059073322769869e-216, 6.193855539239998e-220, 3.18379449279957e-223, 1.6377692958489589e-226, 8.43085918624735e-230, 4.343008919764949e-233, 2.2387128084935307e-236, 1.1547405594385805e-239, 5.959900086640748e-243, 3.077887367175731e-246, 1.5904381829286425e-249, 8.222857775192657e-253, 4.2536591170687986e-256, 2.2015517677849717e-259, 1.1400245271739661e-262, 5.9062478023661254e-266, 3.061362316935306e-269, 1.587512385603693e-272, 8.235933699665966e-276, 4.274606716697297e-279, 2.219533029176525e-282, 1.1529326739476868e-285, 5.991259794487918e-289, 3.1145794956612917e-292, 1.6197319322968005e-295, 8.42645497506065e-299, 4.3853116194061283e-302, 2.282999079860693e-305, 1.1889314669339883e-308, 6.19369696161e-312, 3.22761342e-315, 1.68247e-318, 8.8e-322, 0.0, 0.0, 0.0, 0.0, 0.0, 0.0, 0.0, 0.0, 0.0, 0.0, 0.0, 0.0, 0.0, 0.0, 0.0, 0.0, 0.0, 0.0, 0.0, 0.0, 0.0, 0.0, 0.0, 0.0, 1.0),
       (-71.4112918225, 37.5096938662856, 45.40595110298909, 4.1245082206838735, 54.611803750018844, 33.11899348204087, 9.789236963842631, 75.48215650517241, 271.96556058279407, 1.468109729736169, 43.16623570431658, 158.812062549992, 2.372672297323745, 86.53608841042242, 23.76572453079181, 5.675917783648452, 39.83635396953127, 53.690293234188445, 4.1367400427447265, 51.30576838391975, 80.18325691172228, 8.341139928778853, 0.0, 4.8808031526333076e-05, 0.01640257777231021, 0.07510822907686153, 0.1903095597530756, 1.2620942996969233, 3.1766317069528123, 4.623712413372018, 6.189296338043989, 9.366216369938662, 14.501108784744455, 21.80033647879877, 36.221195940482204, 58.102641773497695, 85.34791078825583, 122.62554172701445, 157.74927623083045, 200.20904318891428, 253.45968385074946, 302.1693315634661, 302.43216318621165, 298.7429977929354, 271.89978346400505, 249.23873345691476, 230.24202804844035, 211.57385130775447, 178.04433663437842, 154.78087922753875, 129.55732965322554, 107.38372338164457, 88.9509962810323, 76.80718620819408, 66.97612061184235, 58.58468044861689, 49.3336110316713, 39.95758522427455, 32.07034649072144, 25.712182324306692, 18.900330468554237, 14.38957201901284, 10.974921070882695, 7.704107664200298, 5.6348686614081585, 3.968264889377838, 2.7277870873888967, 1.9165138120387677, 1.1484995872346977, 0.7329424059773965, 0.4206138844377097, 0.1464727619216787, 0.02477036889413977, 0.0007507226275704204, 0.0006143624750318025, 0.0005043634225758596, 0.0004156823189530328, 0.0003441945260913331, 0.00028647530151156833, 0.00023967829989317418, 0.0002014644294858189, 0.00016994885243616672, 0.0001436497115342753, 0.00012143326974938526, 0.00010245599781095334, 8.610639206356406e-05, 7.194969585774869e-05, 5.9678298420793515e-05, 4.906985149294133e-05, 3.995424346585867e-05, 3.218961724490245e-05, 2.5646746866336068e-05, 2.0200430189374035e-05, 1.5726191010805973e-05, 1.210052060282888e-05, 9.203069130970693e-06, 6.9195299446532045e-06, 5.144348890753479e-06, 3.7827597789775146e-06, 2.7519478371365947e-06, 1.9813556789551217e-06, 1.4122729568465812e-06, 9.969065682441185e-07, 6.971333553067581e-07, 4.831116242873254e-07, 3.31887876224425e-07, 2.260925055189484e-07, 1.527799465700351e-07, 1.0243821440949549e-07, 6.817080525067251e-08, 4.5039762031725714e-08, 2.9550889237791757e-08, 1.9258946441514984e-08, 1.2470616406724263e-08, 8.024869831356623e-09, 5.133097242389627e-09, 3.2644106579264223e-09, 2.064439111745163e-09, 1.2985406595380883e-09, 8.125415304659297e-10, 5.058815379414809e-10, 3.134285619896505e-10, 1.9327901882498493e-10, 1.1864594075977887e-10, 7.251181511559018e-11, 4.4127775937193335e-11, 2.6742678480850647e-11, 1.6142383729994604e-11, 9.705906361483671e-12, 5.813962097859926e-12, 3.4696853562171885e-12, 2.06318321803329e-12, 1.222314269631554e-12, 7.218648286948775e-13, 4.248182375639737e-13, 2.491454048846055e-13, 1.4568347917703528e-13, 8.492030317179232e-14, 4.9221634832868e-14, 2.8544029384721794e-14, 1.6504572808434226e-14, 9.524667546579385e-15, 5.482236810684256e-15, 3.147439476317044e-15, 1.802506034554059e-15, 1.0297762845979137e-15, 5.8692411030840875e-16, 3.3374830249470813e-16, 1.8935574174344348e-16, 1.0719723415675929e-16, 6.055596692610496e-17, 3.413660762328312e-17, 1.9204140673298e-17, 1.078203736848442e-17, 6.0416821835723495e-18, 3.03954888205441e-18, 1.5756119770892784e-18, 8.793858179445681e-19, 4.8990556331196125e-19, 2.7243665918327764e-19, 1.512362640436377e-19, 8.381079623592826e-20, 4.636748201042269e-20, 2.5610140612796334e-20, 1.4122455798515438e-20, 7.775399985649056e-21, 4.274285333586446e-21, 0.0, 0.0, 0.0, 0.0, 0.0, 0.0, 0.0, 1.0),
       ...,
       (-63.8654953584, 46.42558842466212, 155.83966468684434, 3.83469722746798, 44.06967386413057, 179.93531739814387, 5.383684279076437, 64.5424913924262, 166.3035371741131, 5.057697582214724, 65.61643395770793, 169.61598448388116, 6.605913810975675, 57.18827853502596, 98.0303477968913, 5.055171026002515, 41.89754992448226, 135.0812728888194, 8.130371083387793, 98.98655825159008, 31.222588238285407, 9.984036845605079, 0.0, 4.8808031526333076e-05, 0.01640251206191687, 0.07508081262535171, 0.18962308242587952, 1.25176951501774, 3.121404139947367, 4.461525029595647, 5.810696353967282, 8.53419277793782, 12.836911789459652, 18.83654998978588, 31.139398964954484, 50.13607938944957, 73.99817626869333, 107.14150554382006, 138.2308472069865, 176.24686611092804, 224.67964955737338, 269.3777268777804, 268.96957474283215, 265.3968469512097, 240.56903250036547, 220.34655135245208, 204.33768828944346, 189.3729853275072, 160.76525469501794, 141.89011056533226, 120.75211168032239, 101.8932617526378, 85.9334021743355, 75.48439079646033, 66.78774137311687, 59.10435369643304, 50.23340676505369, 40.99651669597709, 33.101616389150784, 26.64327130618807, 19.631285360004544, 14.903872287116538, 11.276978538288143, 7.8286346358856695, 5.65088811043748, 3.934260321393359, 2.6851546725211235, 1.8852094241863306, 1.1354326385028028, 0.7337552404831335, 0.4292013567457823, 0.15476488402477634, 0.028543195508307057, 0.00033879868066898723, 0.0004280910177915687, 0.0005606022752152254, 0.0006562728150076947, 0.0006557855064744838, 0.0005593983004577548, 0.0004133805373647393, 0.0002692647529227066, 0.00015711599879855964, 8.32822233408295e-05, 4.0580968147359896e-05, 1.8359519171685096e-05, 7.77708811090918e-06, 3.1065357870529287e-06, 1.177244273924541e-06, 4.2543965631713766e-07, 1.4727536761629345e-07, 4.9025849653994324e-08, 1.5746727922768665e-08, 4.894549231425274e-09, 1.4761379313687092e-09, 4.329505119408434e-10, 1.237488581920304e-10, 3.453307012081434e-11, 9.424047333904282e-12, 2.5188011008246914e-12, 6.602190627310134e-13, 1.6992180159755352e-13, 4.298907751471478e-14, 1.0701727324121509e-14, 2.623841391855549e-15, 6.341281525622581e-16, 1.5118554339868714e-16, 3.558349626057197e-17, 8.273313742045068e-18, 1.9013792188119364e-18, 4.321781007643706e-19, 9.720538428626235e-20, 2.164533212264311e-20, 4.774004789503182e-21, 1.0433527788513929e-21, 2.260383976217385e-22, 4.8562150681190984e-23, 1.0349754665003512e-23, 2.1888759308332472e-24, 4.595207426120334e-25, 9.578732074850465e-26, 1.98311833072746e-26, 4.078861540221127e-27, 8.336520633745806e-28, 1.6935040875075895e-28, 3.4200927000123315e-29, 6.86798566610897e-30, 1.3716577994337768e-30, 2.725007862933924e-31, 5.386069797575738e-32, 1.0593300770016807e-32, 2.073552711034156e-33, 4.040074203447339e-34, 7.836407704817026e-35, 1.513415396449643e-35, 2.910516114456061e-36, 5.574518047388642e-37, 1.0634630491243202e-37, 2.0209951453814288e-38, 3.826342143106239e-39, 7.218115863818045e-40, 1.3568422298662561e-40, 2.5418062277830436e-41, 4.745735505057686e-42, 8.83184467407632e-43, 1.638412988122324e-43, 3.0300878450561306e-44, 5.587034654083006e-45, 1.0271525315625327e-45, 1.882989176587936e-46, 3.442315783724317e-47, 6.275858802717773e-48, 1.1411525117266727e-48, 2.0696159712292067e-49, 3.744017778291439e-50, 6.756373935737368e-51, 1.2161509698760547e-51, 2.1838780598814762e-52, 3.913211216856063e-53, 6.996159056589524e-54, 1.248041670304072e-54, 2.221582096777859e-55, 3.946205396609964e-56, 6.995206964108588e-57, 1.2374963313570431e-57, 2.1848823513597213e-58, 3.850088614960696e-59, 6.771566225738665e-60, 0.0, 0.0, 0.0, 0.0, 0.0, 0.0, 0.0, 3.0),
       (-63.8654937359, 46.444325610441894, 155.811688277499, 3.835226889940737, 44.077677785651005, 179.94116571076682, 5.382174760044178, 64.51861310389418, 166.2697334271769, 5.058927897732186, 65.62987426991451, 169.56829362297492, 6.607125622835038, 57.17538763594869, 98.06154321347748, 5.0539176922415905, 41.906783789519054, 135.10449604484657, 8.1308386697467, 98.9865658143113, 31.22777439902095, 9.984036170681293, 0.0, 4.8808031526333076e-05, 0.01640251216005915, 0.07508084922961926, 0.1896238968554467, 1.251780321359587, 3.121454533965769, 4.461653839728579, 5.810961525100737, 8.53471157040156, 12.837824825561524, 18.837941495593352, 31.14138263457764, 50.13860428790939, 74.00108435607906, 107.14477636348823, 138.2343144721839, 176.25043775172583, 224.68311399793228, 269.38067386594054, 268.97156637206893, 265.397912544175, 240.5691808601361, 220.3456985095331, 204.3356468367765, 189.36968764572032, 160.76107514902677, 141.88542352145566, 120.74749750185197, 101.88913631308608, 85.9299886211718, 75.48169143782418, 66.78571678798393, 59.1029078887084, 50.23243760845326, 40.995904350229104, 33.101249879983456, 26.643080834049563, 19.63123882522237, 14.903934172022923, 11.277104197565286, 7.828765924653841, 5.650987743735316, 3.9343110531314216, 2.685162103517257, 1.8851891961257758, 1.1354025910518903, 0.7337255154072033, 0.42917854390219196, 0.15475332961265495, 0.028539911034259482, 0.00033893928188196456, 0.0004280450746766765, 0.0005604328793049051, 0.0006561040780586189, 0.0006557304403079622, 0.0005594841759318681, 0.0004135558632496316, 0.0002694566565258989, 0.0001572749310113258, 8.339187793967045e-05, 4.06469423388752e-05, 1.8395090319075673e-05, 7.794594818264475e-06, 3.114507115732478e-06, 1.1806369923469467e-06, 4.268004770025598e-07, 1.4779318022495143e-07, 4.92138040655621e-08, 1.5812108961442046e-08, 4.916431099365617e-09, 1.483208038232832e-09, 4.351623761066481e-10, 1.244206022316759e-10, 3.4731565649046535e-11, 9.481231457311886e-12, 2.5348912061881715e-12, 6.646480059005451e-13, 1.7111614111431237e-13, 4.3305021104819326e-14, 1.0783811537592454e-14, 2.6448088441508676e-15, 6.393991653023907e-16, 1.524907970457661e-16, 3.5902140426574986e-17, 8.350059821306344e-18, 1.919628627766011e-18, 4.364652034703336e-19, 9.820092895821273e-20, 2.1873986713164476e-20, 4.825973859306417e-21, 1.0550468015099107e-21, 2.286447371416103e-22, 4.91377594991762e-23, 1.0475769861650414e-23, 2.2162334297679e-24, 4.654123933467941e-25, 9.704637621477801e-26, 2.009825744605744e-26, 4.135111484868606e-27, 8.45418169660198e-28, 1.7179538370788621e-28, 3.470576444298398e-29, 6.971586460800453e-30, 1.392792819503815e-30, 2.76787841655641e-31, 5.472549988057682e-32, 1.0766823088724152e-32, 2.1081905906632444e-33, 4.108872376581973e-34, 7.972395867944668e-35, 1.5401694508512048e-35, 2.962912950656926e-36, 5.676684259597245e-37, 1.0832990178563825e-37, 2.0593480299431372e-38, 3.900199433313593e-39, 7.35978961889898e-40, 1.383915081659089e-40, 2.593349625146526e-41, 4.8435156082433884e-42, 9.016690034330677e-43, 1.6732377163381398e-43, 3.0954801947696597e-44, 5.709429622584036e-45, 1.0499892423384033e-45, 1.92546790297921e-46, 3.521094818894788e-47, 6.421533161680669e-48, 1.168013361060207e-48, 2.119007252896154e-49, 3.8345917642301545e-50, 6.922029863252824e-51, 1.2463664098708141e-51, 2.2388504224331788e-52, 4.012994338708766e-53, 7.17684382894344e-54, 1.2806824915665822e-54, 2.280412005108072e-55, 4.051997831485032e-56, 7.185031119014574e-57, 1.2714830440580112e-57, 2.2456045413092173e-58, 3.95835294988397e-59, 6.964204095671918e-60, 0.0, 0.0, 0.0, 0.0, 0.0, 0.0, 0.0, 3.0),
       (-63.8654961258, 46.44547735653653, 155.7882184725567, 3.8361791718974034, 44.08357670461769, 179.96168068721104, 5.382090070161433, 64.50621632695888, 166.23272267174352, 5.059768643888673, 65.63716644339561, 169.5570084359154, 6.608165413554717, 57.17616344093274, 98.08503997567536, 5.054174908905825, 41.90141989131915, 135.1453181457972, 8.13170752092126, 98.98656248874663, 31.229215922494447, 9.984015771130363, 0.0, 4.8808031526333076e-05, 0.016402512184430007, 0.07508085857425124, 0.1896241077478375, 1.2517831466391798, 3.121467805650412, 4.461687927062714, 5.811031871761011, 8.534849403978484, 12.838067838264031, 18.838312752700695, 31.141913333064103, 50.13928145109982, 74.0018654385863, 107.14565509991598, 138.23524578418858, 176.25139743526495, 224.68404644306932, 269.38146989483806, 268.972107776466, 265.3982064885192, 240.5692299001851, 220.34548166915962, 204.33511487113756, 189.36882176056207, 160.7599728853167, 141.88418339606656, 120.7462733925492, 101.88803934237475, 85.92907909795517, 75.48097089666126, 66.7851754720297, 59.10252073849043, 50.23217773373795, 40.99573993556291, 33.10115128767628, 26.643029290425257, 19.63122567000488, 14.903949953871686, 11.277137161611721, 7.82880069070295, 5.651014338080821, 3.9343247669028476, 2.6851643091382194, 1.8851839919226419, 1.135394696850178, 0.7337176501732038, 0.4291724802145034, 0.15475024384437083, 0.028539026951237802, 0.00033897803527343503, 0.00042803408116828974, 0.0005603884677992644, 0.0006560590067315761, 0.00065571499294728, 0.0005595060919479823, 0.00041360181289823596, 0.00026950735310544397, 0.00015731710942737634, 8.342107357598471e-05, 4.066455321631746e-05, 1.8404605959983903e-05, 7.799286767572971e-06, 3.1166470331872326e-06, 1.181549132176169e-06, 4.2716683512098234e-07, 1.4793276014382247e-07, 4.926452763226328e-08, 1.5829772725102575e-08, 4.9223489184847865e-09, 1.4851219610155704e-09, 4.357616925944727e-10, 1.2460277420214958e-10, 3.478544112003907e-11, 9.496764724907713e-12, 2.5392652095637823e-12, 6.658528763441815e-13, 1.7144128555005788e-13, 4.3391091856598306e-14, 1.0806188097339425e-14, 2.6505283411908356e-15, 6.408378853496377e-16, 1.5284728048744305e-16, 3.598921780564835e-17, 8.371044567173548e-18, 1.9246213581629037e-18, 4.376387195874573e-19, 9.847358568451237e-20, 2.1936642394055615e-20, 4.840221587470306e-21, 1.0582544009048046e-21, 2.2935998789572186e-22, 4.929579759427959e-23, 1.0510384545901287e-23, 2.2237516189083017e-24, 4.670322244831069e-25, 9.7392690313307e-26, 2.0171750541176735e-26, 4.1505969116245844e-27, 8.486587094109752e-28, 1.72469042173393e-28, 3.4844918244122463e-29, 7.000154620714729e-30, 1.3986231762388989e-30, 2.7797094466189302e-31, 5.496425292778311e-32, 1.0814747231875143e-32, 2.1177606589602522e-33, 4.127887688136042e-34, 8.009995933428841e-35, 1.5475695285590701e-35, 2.9774109880152165e-36, 5.704963469925707e-37, 1.0887914874078672e-37, 2.069971466132018e-38, 3.920664427364821e-39, 7.399059313105549e-40, 1.3914218086169805e-40, 2.6076463592433293e-41, 4.8706462587652463e-42, 9.06799542052597e-43, 1.6829068073855049e-43, 3.1136423431219884e-44, 5.743434803909143e-45, 1.0563360489313526e-45, 1.937277425660813e-46, 3.5430031681212777e-47, 6.462057812335917e-48, 1.1754880328502131e-48, 2.1327558375066135e-49, 3.8598117940438223e-50, 6.968170401352547e-51, 1.2547849583054488e-51, 2.2541713300828524e-52, 4.0408124927419944e-53, 7.22723136646524e-54, 1.2897877499798883e-54, 2.2968276618845677e-55, 4.081526433959438e-56, 7.238030068280345e-57, 1.280974914076095e-57, 2.2625680715314935e-58, 3.9886067393484745e-59, 7.018051029354684e-60, 0.0, 0.0, 0.0, 0.0, 0.0, 0.0, 0.0, 3.0)], 
      dtype=[('like', '<f8'), ('parbsubBacia0cn', '<f8'), ('parbsubBacia0k', '<f8'), ('parbsubBacia0n', '<f8'), ('parbsubBacia1cn', '<f8'), ('parbsubBacia1k', '<f8'), ('parbsubBacia1n', '<f8'), ('parbsubBacia2cn', '<f8'), ('parbsubBacia2k', '<f8'), ('parbsubBacia2n', '<f8'), ('parbsubBacia3cn', '<f8'), ('parbsubBacia3k', '<f8'), ('parbsubBacia3n', '<f8'), ('parbsubBacia4cn', '<f8'), ('parbsubBacia4k', '<f8'), ('parbsubBacia4n', '<f8'), ('parbsubBacia5cn', '<f8'), ('parbsubBacia5k', '<f8'), ('parbsubBacia5n', '<f8'), ('parbsubBacia6cn', '<f8'), ('parbsubBacia6k', '<f8'), ('parbsubBacia6n', '<f8'), ('simulation0', '<f8'), ('simulation1', '<f8'), ('simulation2', '<f8'), ('simulation3', '<f8'), ('simulation4', '<f8'), ('simulation5', '<f8'), ('simulation6', '<f8'), ('simulation7', '<f8'), ('simulation8', '<f8'), ('simulation9', '<f8'), ('simulation10', '<f8'), ('simulation11', '<f8'), ('simulation12', '<f8'), ('simulation13', '<f8'), ('simulation14', '<f8'), ('simulation15', '<f8'), ('simulation16', '<f8'), ('simulation17', '<f8'), ('simulation18', '<f8'), ('simulation19', '<f8'), ('simulation20', '<f8'), ('simulation21', '<f8'), ('simulation22', '<f8'), ('simulation23', '<f8'), ('simulation24', '<f8'), ('simulation25', '<f8'), ('simulation26', '<f8'), ('simulation27', '<f8'), ('simulation28', '<f8'), ('simulation29', '<f8'), ('simulation30', '<f8'), ('simulation31', '<f8'), ('simulation32', '<f8'), ('simulation33', '<f8'), ('simulation34', '<f8'), ('simulation35', '<f8'), ('simulation36', '<f8'), ('simulation37', '<f8'), ('simulation38', '<f8'), ('simulation39', '<f8'), ('simulation40', '<f8'), ('simulation41', '<f8'), ('simulation42', '<f8'), ('simulation43', '<f8'), ('simulation44', '<f8'), ('simulation45', '<f8'), ('simulation46', '<f8'), ('simulation47', '<f8'), ('simulation48', '<f8'), ('simulation49', '<f8'), ('simulation50', '<f8'), ('simulation51', '<f8'), ('simulation52', '<f8'), ('simulation53', '<f8'), ('simulation54', '<f8'), ('simulation55', '<f8'), ('simulation56', '<f8'), ('simulation57', '<f8'), ('simulation58', '<f8'), ('simulation59', '<f8'), ('simulation60', '<f8'), ('simulation61', '<f8'), ('simulation62', '<f8'), ('simulation63', '<f8'), ('simulation64', '<f8'), ('simulation65', '<f8'), ('simulation66', '<f8'), ('simulation67', '<f8'), ('simulation68', '<f8'), ('simulation69', '<f8'), ('simulation70', '<f8'), ('simulation71', '<f8'), ('simulation72', '<f8'), ('simulation73', '<f8'), ('simulation74', '<f8'), ('simulation75', '<f8'), ('simulation76', '<f8'), ('simulation77', '<f8'), ('simulation78', '<f8'), ('simulation79', '<f8'), ('simulation80', '<f8'), ('simulation81', '<f8'), ('simulation82', '<f8'), ('simulation83', '<f8'), ('simulation84', '<f8'), ('simulation85', '<f8'), ('simulation86', '<f8'), ('simulation87', '<f8'), ('simulation88', '<f8'), ('simulation89', '<f8'), ('simulation90', '<f8'), ('simulation91', '<f8'), ('simulation92', '<f8'), ('simulation93', '<f8'), ('simulation94', '<f8'), ('simulation95', '<f8'), ('simulation96', '<f8'), ('simulation97', '<f8'), ('simulation98', '<f8'), ('simulation99', '<f8'), ('simulation100', '<f8'), ('simulation101', '<f8'), ('simulation102', '<f8'), ('simulation103', '<f8'), ('simulation104', '<f8'), ('simulation105', '<f8'), ('simulation106', '<f8'), ('simulation107', '<f8'), ('simulation108', '<f8'), ('simulation109', '<f8'), ('simulation110', '<f8'), ('simulation111', '<f8'), ('simulation112', '<f8'), ('simulation113', '<f8'), ('simulation114', '<f8'), ('simulation115', '<f8'), ('simulation116', '<f8'), ('simulation117', '<f8'), ('simulation118', '<f8'), ('simulation119', '<f8'), ('simulation120', '<f8'), ('simulation121', '<f8'), ('simulation122', '<f8'), ('simulation123', '<f8'), ('simulation124', '<f8'), ('simulation125', '<f8'), ('simulation126', '<f8'), ('simulation127', '<f8'), ('simulation128', '<f8'), ('simulation129', '<f8'), ('simulation130', '<f8'), ('simulation131', '<f8'), ('simulation132', '<f8'), ('simulation133', '<f8'), ('simulation134', '<f8'), ('simulation135', '<f8'), ('simulation136', '<f8'), ('simulation137', '<f8'), ('simulation138', '<f8'), ('simulation139', '<f8'), ('simulation140', '<f8'), ('simulation141', '<f8'), ('simulation142', '<f8'), ('simulation143', '<f8'), ('simulation144', '<f8'), ('simulation145', '<f8'), ('simulation146', '<f8'), ('simulation147', '<f8'), ('simulation148', '<f8'), ('simulation149', '<f8'), ('simulation150', '<f8'), ('simulation151', '<f8'), ('chain', '<f8')])]
Sub-Bacia 1
Sub-Bacia 2
Sub-Bacia 3
Sub-Bacia 4
Sub-Bacia 5
Sub-Bacia 6
Sub-Bacia 7
[0.0, 0.004853742004351776, 0.015204995679042141, 0.0013822919954157701, 0.0017299226315605723, 0.02100422879172776, 0.22618875725597112, 0.3662879651197525, 0.15498789569569374, 0.01025363322716063, 0.04599544680477653, 0.22744853669099596, 0.12667601824356825, 0.04231587788766406, 0.01666017792782438, 0.11817806050370208, 0.15782963604286793, 0.007973324945939511, 0.003757647153444521, 0.08183369902503825, 6.961003509038683e-05, 0.012666473170897278, 0.006623115842016013, 6.106549437613904e-05, 0.0023026061527402406, 0.005439780800318681, 0.04432004761020311, 0.004073612647676625, 0.026468525906127208, 0.005376976116874611, 0.02027666097300691, 0.033369766338365824, 0.011238689578807037, 0.0067093399979082, 0.02241294378525413, 0.011249402533918134, 0.008361919856631627, 0.010612088391949624, 0.0018981442543437258, 0.001076880025277267, 0.0004516129301014243, 0.000676260978562632, 0.0010482298271735984, 0.008322049982578131, 0.019761985048530665, 0.023797797956957155, 0.0009094647685759544, 0.001202013944589778, 0.029555755275222504, 0.1922147270626348, 0.4319503181396933, 0.6654506053485738, 0.616788378518852, 0.5743303054357737, 0.49699912598838575, 0.3825274782624632, 0.2784513328809312, 0.2098948722508025, 0.1686768560524428, 0.13766172756241318, 0.10889570830067824, 0.08334790939186604, 0.06302536799942199, 0.04770242253488519, 0.036022872928490206, 0.026823739316333972, 0.019472859677724587, 0.013683239634711353, 0.009277397466816339, 0.006066227200196543, 0.0038287279054148773, 0.00233612759729875, 0.001380403425825882, 0.0007913320997075193, 0.0004408679013216052, 0.00023909545126254495, 0.00012642137697834363, 6.526574225329829e-05, 3.294213654789338e-05, 1.6276651343162468e-05, 7.88191344988472e-06, 3.7447432987984845e-06, 1.7473235979044615e-06, 8.014783762271672e-07, 3.617056726444523e-07, 1.6073690074344976e-07, 7.03882702580338e-08, 3.039589911413786e-08, 1.2952241602372104e-08, 5.449500148357708e-09, 2.265163398483417e-09, 9.306942698184609e-10, 3.781795874720671e-10, 1.5204708501947966e-10, 6.051180089938638e-11, 2.3848744521235693e-11, 9.311620959087965e-12, 3.6031338195276655e-12, 1.3822376091384541e-12, 5.258666475640324e-13, 1.9846991200751465e-13, 7.4330670252639e-14, 2.7632304997006623e-14, 1.0198983402873125e-14, 3.7384918948772085e-15, 1.3612545045232229e-15, 4.92474679344151e-16, 1.770613157126183e-16, 6.327725784588811e-17, 2.248228850888431e-17, 7.942971640054446e-18, 2.7909504174175995e-18, 9.754865697362787e-19, 3.3920376298649635e-19, 1.173646342101981e-19, 4.0412434717917e-20, 1.3850166585930114e-20, 4.725162485916655e-21, 1.6049297759253883e-21, 5.427835436511753e-22, 1.8280173707989751e-22, 6.13149725537559e-23, 2.0484855919323954e-23, 6.817500008307161e-24, 2.260409678269628e-24, 7.467258295546806e-25, 2.458033599650071e-25, 8.063176647765277e-26, 2.636051511809565e-26, 8.589487041240151e-27, 2.789702047390688e-27, 9.03246930735286e-28, 2.91493624429713e-28, 9.378143864022087e-29, 3.007720206373778e-29, 9.623753908177965e-30, 3.070698150767878e-30, 9.759016377200024e-31, 3.0971167040729206e-31, 9.803331055796071e-32, 3.095131182773694e-32, 9.747599344143578e-33, 3.06233473051673e-33, 8.734782091145947e-34, 2.53412646069039e-34, 7.912018526144415e-35, 1.25077204774788e-35, 3.8949244056318736e-36, 1.21019276879728e-36, 1.841626823079304e-157, 3.517323107413096e-159, 0.0]
6.529430431005407